{
  "camera_angle_x": 0.48085464156735824,
  "camera_angle_y": 0.45021822106435266,
  "fl_x": 1044.1748721834717,
  "fl_y": 1117.9517762847397,
  "k1": -0.1743771249514221,
  "k2": 0.005751664009801198,
  "k3": 0,
  "k4": 0,
  "p1": -0.002330061133536166,
  "p2": -0.02737922283325303,
  "is_fisheye": false,
  "cx": 250.31809726667953,
  "cy": 257.3921892740013,
  "w": 512.0,
  "h": 512.0,
  "aabb_scale": 16,
  "frames": [
    {
      "file_path": "./data\\itokawa/itokawa002.png",
      "sharpness": 360.98753356933594,
      "transform_matrix": [
        [
          -0.39920332674143183,
          -0.5508870049457715,
          0.7329121446518527,
          2.978514309811904
        ],
        [
          0.9086242119110192,
          -0.3446195333729912,
          0.23588009400726112,
          0.9245013402708431
        ],
        [
          0.12263256277933263,
          0.7601058380740848,
          0.6381225349034512,
          2.5753702027862664
        ],
        [
          0.0,
          0.0,
          0.0,
          1.0
        ]
      ]
    },
    {
      "file_path": "./data\\itokawa/itokawa005.png",
      "sharpness": 368.9945373535156,
      "transform_matrix": [
        [
          0.04616689143496854,
          -0.6275906395985487,
          0.7771734731070301,
          3.134182742008929
        ],
        [
          0.9953772208036106,
          -0.03669085136532218,
          -0.0887579277213065,
          -0.3858884979023021
        ],
        [
          0.08421880101489777,
          0.7776784493566677,
          0.6229955240943242,
          2.508001348929689
        ],
        [
          0.0,
          0.0,
          0.0,
          1.0
        ]
      ]
    },
    {
      "file_path": "./data\\itokawa/itokawa001.png",
      "sharpness": 346.65999603271484,
      "transform_matrix": [
        [
          -0.5188034390263317,
          -0.5120199348101732,
          0.6846010357055885,
          2.764100211309273
        ],
        [
          0.84035048190743,
          -0.4525214963531013,
          0.2983879402695645,
          1.1758493650063113
        ],
        [
          0.15701611135741156,
          0.7301094998453507,
          0.6650459075052704,
          2.6571055282766336
        ],
        [
          0.0,
          0.0,
          0.0,
          1.0
        ]
      ]
    },
    {
      "file_path": "./data\\itokawa/itokawa000.png",
      "sharpness": 328.2426986694336,
      "transform_matrix": [
        [
          -0.6426984790589453,
          -0.433349537227041,
          0.6317806927076477,
          2.5573942017800064
        ],
        [
          0.7497782555403611,
          -0.5251967154680542,
          0.40249345035967166,
          1.5949930459232984
        ],
        [
          0.15738879425590996,
          0.7323773540397691,
          0.6624591902993855,
          2.6520950005934507
        ],
        [
          0.0,
          0.0,
          0.0,
          1.0
        ]
      ]
    },
    {
      "file_path": "./data\\itokawa/itokawa007.png",
      "sharpness": 322.7778854370117,
      "transform_matrix": [
        [
          0.3420502824349307,
          -0.5876223692521663,
          0.7332813617693975,
          2.9266728154299706
        ],
        [
          0.9383567208883692,
          0.1721722546327585,
          -0.2997388515029589,
          -1.225295548516784
        ],
        [
          0.04988254874107525,
          0.7906052529317987,
          0.6102909678567107,
          2.4428936143167284
        ],
        [
          0.0,
          0.0,
          0.0,
          1.0
        ]
      ]
    },
    {
      "file_path": "./data\\itokawa/itokawa003.png",
      "sharpness": 375.6867904663086,
      "transform_matrix": [
        [
          -0.2512439648356718,
          -0.5921918433474719,
          0.7656273838389681,
          3.097241297034746
        ],
        [
          0.9609717222984043,
          -0.24724504175092035,
          0.12410978315361444,
          0.47170642737324125
        ],
        [
          0.11580077321971963,
          0.7669280996809641,
          0.6311984402081493,
          2.541203651081816
        ],
        [
          0.0,
          0.0,
          0.0,
          1.0
        ]
      ]
    },
    {
      "file_path": "./data\\itokawa/itokawa004.png",
      "sharpness": 381.95804595947266,
      "transform_matrix": [
        [
          -0.10627729138331647,
          -0.6187219408651933,
          0.778388268993027,
          3.156598897578583
        ],
        [
          0.9899583800462911,
          -0.1392194874370684,
          0.02450183862276884,
          0.06892323147684193
        ],
        [
          0.09320699068879089,
          0.7731759788621124,
          0.6273048403105891,
          2.5345066679753017
        ],
        [
          0.0,
          0.0,
          0.0,
          1.0
        ]
      ]
    },
    {
      "file_path": "./data\\itokawa/itokawa006.png",
      "sharpness": 354.38350677490234,
      "transform_matrix": [
        [
          0.19706733488634104,
          -0.6157571585499992,
          0.7628942176297793,
          3.057725093207319
        ],
        [
          0.9778042363039747,
          0.0669676023930093,
          -0.19853013800868055,
          -0.8233802915905484
        ],
        [
          0.07115715703260736,
          0.7850850030421926,
          0.6152870850920059,
          2.4675530170752187
        ],
        [
          0.0,
          0.0,
          0.0,
          1.0
        ]
      ]
    },
    {
      "file_path": "./data\\itokawa/itokawa008.png",
      "sharpness": 316.35730743408203,
      "transform_matrix": [
        [
          0.4744542820390674,
          -0.5418527725090294,
          0.6937497439688164,
          2.744809370138159
        ],
        [
          0.8799853361885828,
          0.27155569304253413,
          -0.38972209800224156,
          -1.573927603507822
        ],
        [
          0.02278030678901775,
          0.7953949198795547,
          0.6056632555571909,
          2.4121642033401023
        ],
        [
          0.0,
          0.0,
          0.0,
          1.0
        ]
      ]
    },
    {
      "file_path": "./data\\itokawa/itokawa009.png",
      "sharpness": 303.13694763183594,
      "transform_matrix": [
        [
          0.5990235909353203,
          -0.4945225249210045,
          0.6297763173750149,
          2.489088813148782
        ],
        [
          0.8006193993869719,
          0.35674549427149344,
          -0.48139508685096205,
          -1.9356073469431125
        ],
        [
          0.013390850211673225,
          0.792578150549007,
          0.6096232939140892,
          2.4292430668257965
        ],
        [
          0.0,
          0.0,
          0.0,
          1.0
        ]
      ]
    },
    {
      "file_path": "./data\\itokawa/itokawa010.png",
      "sharpness": 314.5424346923828,
      "transform_matrix": [
        [
          0.7069247432552764,
          -0.42480460266621906,
          0.5655072563679306,
          2.20822150602802
        ],
        [
          0.7072388526476472,
          0.4340551773245928,
          -0.5580405973989429,
          -2.219325357709554
        ],
        [
          -0.008403138191448832,
          0.7944414091998429,
          0.6072826645779077,
          2.4024900404464473
        ],
        [
          0.0,
          0.0,
          0.0,
          1.0
        ]
      ]
    },
    {
      "file_path": "./data\\itokawa/itokawa011.png",
      "sharpness": 317.9642562866211,
      "transform_matrix": [
        [
          0.7984947281312718,
          -0.3437470617216725,
          0.49421060974245623,
          1.9135464561967483
        ],
        [
          0.6009239182690459,
          0.5042340235961444,
          -0.6201923039688838,
          -2.4508986811448636
        ],
        [
          -0.03600852206264435,
          0.7922032612033121,
          0.6091940408091995,
          2.401781153555151
        ],
        [
          0.0,
          0.0,
          0.0,
          1.0
        ]
      ]
    },
    {
      "file_path": "./data\\itokawa/itokawa012.png",
      "sharpness": 335.6525650024414,
      "transform_matrix": [
        [
          0.877411711376178,
          -0.26451854067106473,
          0.4002232257864395,
          1.5534654059276725
        ],
        [
          0.47693343785682285,
          0.5710379055588798,
          -0.6681692946185215,
          -2.6536391841373868
        ],
        [
          -0.051799465875401275,
          0.777139403264725,
          0.627193082956206,
          2.487602561254598
        ],
        [
          0.0,
          0.0,
          0.0,
          1.0
        ]
      ]
    },
    {
      "file_path": "./data\\itokawa/itokawa013.png",
      "sharpness": 358.8950653076172,
      "transform_matrix": [
        [
          0.9366398810688502,
          -0.17221784121125447,
          0.30503565109277375,
          1.1810076836949037
        ],
        [
          0.343145191084851,
          0.6261156682062682,
          -0.7001646576798718,
          -2.7889423775824596
        ],
        [
          -0.0704067546726414,
          0.7604736584798092,
          0.6455406290347191,
          2.5699720013010414
        ],
        [
          0.0,
          0.0,
          0.0,
          1.0
        ]
      ]
    },
    {
      "file_path": "./data\\itokawa/itokawa014.png",
      "sharpness": 378.5748977661133,
      "transform_matrix": [
        [
          0.977790247087019,
          -0.0791315706203428,
          0.19407325243420637,
          0.7428214781326138
        ],
        [
          0.19777746979927566,
          0.6548038081456357,
          -0.7294628470866649,
          -2.902407232456185
        ],
        [
          -0.06935636395397302,
          0.7516449743158238,
          0.6559112191787763,
          2.616327968898217
        ],
        [
          0.0,
          0.0,
          0.0,
          1.0
        ]
      ]
    },
    {
      "file_path": "./data\\itokawa/itokawa015.png",
      "sharpness": 393.2164611816406,
      "transform_matrix": [
        [
          0.9950180146289178,
          0.0244953556662239,
          0.09663916489932303,
          0.35357918487926
        ],
        [
          0.05512683023449762,
          0.6724854945462014,
          -0.7380543965150943,
          -2.9336272958445853
        ],
        [
          -0.08306734154351077,
          0.7397048311460022,
          0.667784830336762,
          2.6644828165281003
        ],
        [
          0.0,
          0.0,
          0.0,
          1.0
        ]
      ]
    },
    {
      "file_path": "./data\\itokawa/itokawa016.png",
      "sharpness": 390.99009704589844,
      "transform_matrix": [
        [
          0.9912167355215835,
          0.13209642300100588,
          -0.006318095440947578,
          -0.0577535549140239
        ],
        [
          -0.09518002186317465,
          0.6794069056662896,
          -0.7275623821866377,
          -2.8992113396245
        ],
        [
          -0.0918158305237073,
          0.7217733658215493,
          0.6860124355546433,
          2.745340205725241
        ],
        [
          0.0,
          0.0,
          0.0,
          1.0
        ]
      ]
    },
    {
      "file_path": "./data\\itokawa/itokawa017.png",
      "sharpness": 387.2203903198242,
      "transform_matrix": [
        [
          0.9660036155958697,
          0.2330201265661262,
          -0.11197604810199574,
          -0.47768133725823675
        ],
        [
          -0.2416204158562797,
          0.6596802052329956,
          -0.7116471045871005,
          -2.828416545967006
        ],
        [
          -0.09195971598819927,
          0.7145093753678183,
          0.6935558832758897,
          2.777745505467466
        ],
        [
          0.0,
          0.0,
          0.0,
          1.0
        ]
      ]
    },
    {
      "file_path": "./data\\itokawa/itokawa018.png",
      "sharpness": 380.9618606567383,
      "transform_matrix": [
        [
          0.9145966787545796,
          0.3398154763732764,
          -0.2191765436948545,
          -0.9053969683458971
        ],
        [
          -0.39597956734971224,
          0.6428251576166998,
          -0.6557255515675844,
          -2.6181239598085013
        ],
        [
          -0.08193349442953998,
          0.6865138445837212,
          0.7224857394891492,
          2.904185267809434
        ],
        [
          0.0,
          0.0,
          0.0,
          1.0
        ]
      ]
    },
    {
      "file_path": "./data\\itokawa/itokawa020.png",
      "sharpness": 349.61402130126953,
      "transform_matrix": [
        [
          0.750762891760021,
          0.5246402335880348,
          -0.4013822439203684,
          -1.6356436669459093
        ],
        [
          -0.6580418831237996,
          0.5408596766376594,
          -0.52388137039248,
          -2.0935293611924872
        ],
        [
          -0.05775777388026177,
          0.6574370202168767,
          0.7512926221416597,
          3.030355984152875
        ],
        [
          0.0,
          0.0,
          0.0,
          1.0
        ]
      ]
    },
    {
      "file_path": "./data\\itokawa/itokawa019.png",
      "sharpness": 367.21070861816406,
      "transform_matrix": [
        [
          0.8500976149428813,
          0.4285654400136048,
          -0.3060485398953844,
          -1.2517846571621327
        ],
        [
          -0.5194946123113692,
          0.5871288617888581,
          -0.6208099930220135,
          -2.4688095683651503
        ],
        [
          -0.0863677769434033,
          0.6867396619821339,
          0.7217542821807562,
          2.9029959232237235
        ],
        [
          0.0,
          0.0,
          0.0,
          1.0
        ]
      ]
    },
    {
      "file_path": "./data\\itokawa/itokawa021.png",
      "sharpness": 347.5751647949219,
      "transform_matrix": [
        [
          0.6510064131394614,
          0.605333122259472,
          -0.45799832011113134,
          -1.8640595201236652
        ],
        [
          -0.7568335154326037,
          0.47131778613168884,
          -0.4528383534947793,
          -1.8004790483390638
        ],
        [
          -0.05825530011302229,
          0.6414291509125508,
          0.7649672963258534,
          3.0817271271986524
        ],
        [
          0.0,
          0.0,
          0.0,
          1.0
        ]
      ]
    },
    {
      "file_path": "./data\\itokawa/itokawa022.png",
      "sharpness": 346.65252685546875,
      "transform_matrix": [
        [
          0.5360160825346012,
          0.6674443131398293,
          -0.5169186088730878,
          -2.104820180337692
        ],
        [
          -0.842131106996262,
          0.379818619778938,
          -0.38282243233709035,
          -1.517180210659306
        ],
        [
          -0.05917734284552316,
          0.6405122208049555,
          0.7656645069304097,
          3.0993140976957356
        ],
        [
          0.0,
          0.0,
          0.0,
          1.0
        ]
      ]
    },
    {
      "file_path": "./data\\itokawa/itokawa023.png",
      "sharpness": 359.13011932373047,
      "transform_matrix": [
        [
          0.3936811386378129,
          0.7097072247378943,
          -0.5842352405610239,
          -2.3561192064203516
        ],
        [
          -0.9179924622976315,
          0.27033384732485516,
          -0.2901886458104206,
          -1.1350923621445799
        ],
        [
          -0.04801041814493764,
          0.6505653435460753,
          0.7579312195747484,
          3.059624603139181
        ],
        [
          0.0,
          0.0,
          0.0,
          1.0
        ]
      ]
    },
    {
      "file_path": "./data\\itokawa/itokawa024.png",
      "sharpness": 375.4305648803711,
      "transform_matrix": [
        [
          0.2407960629079003,
          0.7486350699729799,
          -0.6177076882898032,
          -2.4679825853868396
        ],
        [
          -0.9704081243307267,
          0.17387408753511172,
          -0.16755856862233529,
          -0.641015997482028
        ],
        [
          -0.018036860080341638,
          0.6397760028087187,
          0.7683497497808407,
          3.0774690585762503
        ],
        [
          0.0,
          0.0,
          0.0,
          1.0
        ]
      ]
    },
    {
      "file_path": "./data\\itokawa/itokawa025.png",
      "sharpness": 372.67830657958984,
      "transform_matrix": [
        [
          0.09650072322793216,
          0.7745598639117717,
          -0.6250956948429502,
          -2.4926731218417046
        ],
        [
          -0.9953156837171991,
          0.07879013631141872,
          -0.0560250316252107,
          -0.19734164506174867
        ],
        [
          0.005856634133081154,
          0.6275740049719891,
          0.7785348856665247,
          3.1122485309940395
        ],
        [
          0.0,
          0.0,
          0.0,
          1.0
        ]
      ]
    },
    {
      "file_path": "./data\\itokawa/itokawa026.png",
      "sharpness": 360.3569030761719,
      "transform_matrix": [
        [
          -0.046274729308904944,
          0.7864574702490591,
          -0.6159085134941428,
          -2.4670364671039713
        ],
        [
          -0.9987942292378114,
          -0.02630884858252987,
          0.04144794481661042,
          0.19596402018282807
        ],
        [
          0.016393202005285587,
          0.6170838614431875,
          0.7867266176723138,
          3.1616257092074234
        ],
        [
          0.0,
          0.0,
          0.0,
          1.0
        ]
      ]
    },
    {
      "file_path": "./data\\itokawa/itokawa027.png",
      "sharpness": 335.89247131347656,
      "transform_matrix": [
        [
          -0.19124646730349132,
          0.7743794281476057,
          -0.6031262637984262,
          -2.4123823425854027
        ],
        [
          -0.9812548971384434,
          -0.13597600839934001,
          0.1365626302603235,
          0.5808091167515518
        ],
        [
          0.02374058961520488,
          0.6179377205479782,
          0.7858685373575095,
          3.160785721274132
        ],
        [
          0.0,
          0.0,
          0.0,
          1.0
        ]
      ]
    },
    {
      "file_path": "./data\\itokawa/itokawa028.png",
      "sharpness": 315.4089660644531,
      "transform_matrix": [
        [
          -0.3371118856461393,
          0.7460950435416566,
          -0.574193140534093,
          -2.283905723280181
        ],
        [
          -0.9405999560005187,
          -0.24077754573801918,
          0.2393697897442591,
          0.987944121529991
        ],
        [
          0.04033979854439584,
          0.6207804439095748,
          0.7829459375924808,
          3.1404405908448774
        ],
        [
          0.0,
          0.0,
          0.0,
          1.0
        ]
      ]
    },
    {
      "file_path": "./data\\itokawa/itokawa029.png",
      "sharpness": 300.3806610107422,
      "transform_matrix": [
        [
          -0.47255975468817396,
          0.7032048750166957,
          -0.531215758500756,
          -2.102499399565335
        ],
        [
          -0.8799126159946308,
          -0.34267932130591233,
          0.329127134956718,
          1.343776362426461
        ],
        [
          0.0494071502117976,
          0.6229556858763404,
          0.7806952971691499,
          3.1246159912936844
        ],
        [
          0.0,
          0.0,
          0.0,
          1.0
        ]
      ]
    },
    {
      "file_path": "./data\\itokawa/itokawa030.png",
      "sharpness": 308.8682403564453,
      "transform_matrix": [
        [
          -0.5961092883124728,
          0.6554060313386968,
          -0.4637851340331894,
          -1.8249702178031824
        ],
        [
          -0.7991978373271351,
          -0.4289238644597256,
          0.42107853817379226,
          1.7015301277662422
        ],
        [
          0.07704890161789764,
          0.621664903818236,
          0.7794845824003696,
          3.108728641799436
        ],
        [
          0.0,
          0.0,
          0.0,
          1.0
        ]
      ]
    },
    {
      "file_path": "./data\\itokawa/itokawa031.png",
      "sharpness": 332.27479553222656,
      "transform_matrix": [
        [
          -0.7050913104830455,
          0.5991120058820535,
          -0.3793560970473666,
          -1.4889737907486655
        ],
        [
          -0.7012655777660375,
          -0.5097303247639411,
          0.4983990223290234,
          2.0077557673386033
        ],
        [
          0.10522753144806041,
          0.6174461923724299,
          0.779543049632203,
          3.1065033705042984
        ],
        [
          0.0,
          0.0,
          0.0,
          1.0
        ]
      ]
    },
    {
      "file_path": "./data\\itokawa/itokawa032.png",
      "sharpness": 354.55003356933594,
      "transform_matrix": [
        [
          -0.8015807031306851,
          0.5199731355349698,
          -0.29512084773559244,
          -1.1576748569961512
        ],
        [
          -0.5866408400056085,
          -0.5887245970830927,
          0.556107789577593,
          2.2463988571976676
        ],
        [
          0.11541620886812516,
          0.6188952150048338,
          0.77694775349078,
          3.1103894499191593
        ],
        [
          0.0,
          0.0,
          0.0,
          1.0
        ]
      ]
    },
    {
      "file_path": "./data\\itokawa/itokawa033.png",
      "sharpness": 389.34972381591797,
      "transform_matrix": [
        [
          -0.8797009869098759,
          0.4312702796755282,
          -0.20033002664630528,
          -0.775768574476787
        ],
        [
          -0.4570702073586467,
          -0.6506296617688998,
          0.60643867684509,
          2.439318535093497
        ],
        [
          0.13119832028999906,
          0.6250495893403348,
          0.769480351729855,
          3.0731859039432536
        ],
        [
          0.0,
          0.0,
          0.0,
          1.0
        ]
      ]
    },
    {
      "file_path": "./data\\itokawa/itokawa035.png",
      "sharpness": 408.98486328125,
      "transform_matrix": [
        [
          -0.9719486649634804,
          0.23502195984898666,
          -0.008970570894705812,
          -0.004910686500275931
        ],
        [
          -0.18199852515741222,
          -0.727413204098791,
          0.6616241889058098,
          2.6490750122967084
        ],
        [
          0.1489709018430261,
          0.6446973777872035,
          0.7497819426727474,
          2.987722000656499
        ],
        [
          0.0,
          0.0,
          0.0,
          1.0
        ]
      ]
    },
    {
      "file_path": "./data\\itokawa/itokawa034.png",
      "sharpness": 397.6306610107422,
      "transform_matrix": [
        [
          -0.9349686028536759,
          0.3397485649813458,
          -0.10200306048687162,
          -0.37992881278000745
        ],
        [
          -0.32190914332725673,
          -0.6918247733273434,
          0.6463381363148035,
          2.5856099861768524
        ],
        [
          0.1490242101056468,
          0.637141582099388,
          0.7562026112372376,
          3.0089179143166596
        ],
        [
          0.0,
          0.0,
          0.0,
          1.0
        ]
      ]
    },
    {
      "file_path": "./data\\itokawa/itokawa036.png",
      "sharpness": 399.8625259399414,
      "transform_matrix": [
        [
          -0.9850656540308809,
          0.13771476401517385,
          0.10334554222938193,
          0.4377806597759575
        ],
        [
          -0.03171821648639632,
          -0.7350907579119456,
          0.6772263523943646,
          2.6911162159027104
        ],
        [
          0.1692324202690644,
          0.6638344834669672,
          0.728480724912993,
          2.8868899650626183
        ],
        [
          0.0,
          0.0,
          0.0,
          1.0
        ]
      ]
    },
    {
      "file_path": "./data\\itokawa/itokawa037.png",
      "sharpness": 394.09083557128906,
      "transform_matrix": [
        [
          -0.9769452938673904,
          0.022444475142171964,
          0.21230670833414048,
          0.8745458449950315
        ],
        [
          0.12453171262690456,
          -0.747834290763467,
          0.6521010091316569,
          2.6063187741964584
        ],
        [
          0.17340630154102882,
          0.6635059299883795,
          0.7277981420255601,
          2.900524530492793
        ],
        [
          0.0,
          0.0,
          0.0,
          1.0
        ]
      ]
    },
    {
      "file_path": "./data\\itokawa/itokawa039.png",
      "sharpness": 349.9947280883789,
      "transform_matrix": [
        [
          -0.8953152122597382,
          -0.18337502019127674,
          0.4059362914841143,
          1.6476249737731898
        ],
        [
          0.4094026004389118,
          -0.697829515791157,
          0.587727383781417,
          2.3399967494363243
        ],
        [
          0.17549980486053382,
          0.6923926407072445,
          0.6998515911735167,
          2.7887628064604058
        ],
        [
          0.0,
          0.0,
          0.0,
          1.0
        ]
      ]
    },
    {
      "file_path": "./data\\itokawa/itokawa038.png",
      "sharpness": 377.2655563354492,
      "transform_matrix": [
        [
          -0.9489830277745477,
          -0.08881813468970498,
          0.3025599973952615,
          1.2397135704049846
        ],
        [
          0.26658340800500846,
          -0.7384595490531027,
          0.6193632060356317,
          2.475817814562807
        ],
        [
          0.1684176345824927,
          0.6684226457874599,
          0.7244630197876701,
          2.8890655544695343
        ],
        [
          0.0,
          0.0,
          0.0,
          1.0
        ]
      ]
    },
    {
      "file_path": "./data\\itokawa/itokawa040.png",
      "sharpness": 335.2286834716797,
      "transform_matrix": [
        [
          -0.8262304096035127,
          -0.28042962753827233,
          0.4885719336217383,
          1.9782779126122456
        ],
        [
          0.5370459053577322,
          -0.6539492317189739,
          0.5328527919366384,
          2.117517917420137
        ],
        [
          0.1700735306558695,
          0.7026447369644484,
          0.6909163247934934,
          2.7521579416509705
        ],
        [
          0.0,
          0.0,
          0.0,
          1.0
        ]
      ]
    },
    {
      "file_path": "./data\\itokawa/itokawa041.png",
      "sharpness": 326.2145767211914,
      "transform_matrix": [
        [
          -0.7366014224574596,
          -0.36908373435142944,
          0.5667411592151904,
          2.295057515596994
        ],
        [
          0.6557198632203067,
          -0.5950057951276906,
          0.46475753328463665,
          1.8459679836954168
        ],
        [
          0.1656798281177711,
          0.7139644955171862,
          0.6802976508672478,
          2.7172268351055693
        ],
        [
          0.0,
          0.0,
          0.0,
          1.0
        ]
      ]
    },
    {
      "file_path": "./data\\itokawa/itokawa042.png",
      "sharpness": 331.93762969970703,
      "transform_matrix": [
        [
          -0.6280508490319325,
          -0.4460283426874629,
          0.6376604493203817,
          2.5806072786676597
        ],
        [
          0.7618704558477891,
          -0.5192900129803155,
          0.387157966374449,
          1.5336384430491519
        ],
        [
          0.15844727690437083,
          0.7289695466907744,
          0.6659563503104213,
          2.6644056450985016
        ],
        [
          0.0,
          0.0,
          0.0,
          1.0
        ]
      ]
    },
    {
      "file_path": "./data\\itokawa/itokawa043.png",
      "sharpness": 343.4814682006836,
      "transform_matrix": [
        [
          -0.5049257093138044,
          -0.5180772400706481,
          0.6903955398700508,
          2.791514442516132
        ],
        [
          0.848947533023946,
          -0.4426320313556864,
          0.2887299274278776,
          1.1388685218254002
        ],
        [
          0.15600677632395302,
          0.7318967537900595,
          0.6633166872711113,
          2.654602894744787
        ],
        [
          0.0,
          0.0,
          0.0,
          1.0
        ]
      ]
    },
    {
      "file_path": "./data\\itokawa/itokawa044.png",
      "sharpness": 363.01075744628906,
      "transform_matrix": [
        [
          -0.3839408938605641,
          -0.5560900346835344,
          0.7371249985076777,
          2.9983855851379793
        ],
        [
          0.9151696356260333,
          -0.33525526802971295,
          0.22375978925725667,
          0.8764105689345111
        ],
        [
          0.12269444997724507,
          0.7605049497925941,
          0.6376349216953892,
          2.5770599999429384
        ],
        [
          0.0,
          0.0,
          0.0,
          1.0
        ]
      ]
    },
    {
      "file_path": "./data\\itokawa/itokawa045.png",
      "sharpness": 379.37823486328125,
      "transform_matrix": [
        [
          -0.23564424746297088,
          -0.6039266508150367,
          0.761409475348626,
          3.0859514245618076
        ],
        [
          0.9646961767522025,
          -0.24017676090278003,
          0.1080574388181797,
          0.40883445217415343
        ],
        [
          0.11761409438880416,
          0.759991923664806,
          0.6392020031610578,
          2.575833205240978
        ],
        [
          0.0,
          0.0,
          0.0,
          1.0
        ]
      ]
    },
    {
      "file_path": "./data\\itokawa/itokawa047.png",
      "sharpness": 372.5968017578125,
      "transform_matrix": [
        [
          0.06621757389420085,
          -0.6306126309914636,
          0.773267704368492,
          3.122274302857975
        ],
        [
          0.9937069496589009,
          -0.02848884406378816,
          -0.10832766943641035,
          -0.4643192866103696
        ],
        [
          0.09034229968178568,
          0.7755746872334471,
          0.6247576918219472,
          2.51778658577243
        ],
        [
          0.0,
          0.0,
          0.0,
          1.0
        ]
      ]
    },
    {
      "file_path": "./data\\itokawa/itokawa046.png",
      "sharpness": 383.13584899902344,
      "transform_matrix": [
        [
          -0.08763495909615894,
          -0.6223615061211526,
          0.7778086330972115,
          3.144481835730915
        ],
        [
          0.9911175032239624,
          -0.13288169009527098,
          0.005343336273937891,
          -0.007031153537292736
        ],
        [
          0.10003103892549019,
          0.7713680134771547,
          0.628478463525629,
          2.5316590187702905
        ],
        [
          0.0,
          0.0,
          0.0,
          1.0
        ]
      ]
    },
    {
      "file_path": "./data\\itokawa/itokawa048.png",
      "sharpness": 350.71600341796875,
      "transform_matrix": [
        [
          0.21456348965068664,
          -0.6155199689557078,
          0.7583519478470477,
          3.044715519074927
        ],
        [
          0.9745414169189499,
          0.08320542725741942,
          -0.20819674249739953,
          -0.8647064257192361
        ],
        [
          0.06505025464656893,
          0.7837168013822551,
          0.6177025495182318,
          2.4807701633835797
        ],
        [
          0.0,
          0.0,
          0.0,
          1.0
        ]
      ]
    },
    {
      "file_path": "./data\\itokawa/itokawa049.png",
      "sharpness": 318.88294219970703,
      "transform_matrix": [
        [
          0.3557050681740447,
          -0.5825778936174887,
          0.7308056529756976,
          2.91508193752395
        ],
        [
          0.9336605698567295,
          0.1864861174392621,
          -0.30577911684621223,
          -1.2492124527441522
        ],
        [
          0.041855044978379656,
          0.7910916040157903,
          0.6102640652580833,
          2.442333944394712
        ],
        [
          0.0,
          0.0,
          0.0,
          1.0
        ]
      ]
    },
    {
      "file_path": "./data\\itokawa/itokawa051.png",
      "sharpness": 301.68167877197266,
      "transform_matrix": [
        [
          0.6118141289608277,
          -0.48549318309349726,
          0.6244836593950036,
          2.4613086549661496
        ],
        [
          0.7909662695287971,
          0.36803876202764246,
          -0.4887942615404479,
          -1.9610944262013474
        ],
        [
          0.007472089002878411,
          0.7929967458187778,
          0.6091800465268882,
          2.4224494993891947
        ],
        [
          0.0,
          0.0,
          0.0,
          1.0
        ]
      ]
    },
    {
      "file_path": "./data\\itokawa/itokawa050.png",
      "sharpness": 303.06736755371094,
      "transform_matrix": [
        [
          0.48865430537668525,
          -0.5380548931779601,
          0.6868143139465065,
          2.712785991197706
        ],
        [
          0.8720962021777943,
          0.27795001914244405,
          -0.40273068048982275,
          -1.6221987848983743
        ],
        [
          0.025791161561702587,
          0.7957642357227297,
          0.605057102437165,
          2.405447742340053
        ],
        [
          0.0,
          0.0,
          0.0,
          1.0
        ]
      ]
    },
    {
      "file_path": "./data\\itokawa/itokawa052.png",
      "sharpness": 310.42382049560547,
      "transform_matrix": [
        [
          0.7176620561609073,
          -0.41703937500331434,
          0.5577090038016872,
          2.1780152344688086
        ],
        [
          0.696302989111574,
          0.44249354908447214,
          -0.5651208776668303,
          -2.2475649337659562
        ],
        [
          -0.011104978825074658,
          0.7939002574473868,
          0.6079465936659301,
          2.4057389443620045
        ],
        [
          0.0,
          0.0,
          0.0,
          1.0
        ]
      ]
    },
    {
      "file_path": "./data\\itokawa/itokawa053.png",
      "sharpness": 322.4463882446289,
      "transform_matrix": [
        [
          0.8078091934632566,
          -0.3340333950420922,
          0.4856603731319077,
          1.8768408502921565
        ],
        [
          0.5881667055218469,
          0.5110003969373216,
          -0.6268480843453939,
          -2.473245848284921
        ],
        [
          -0.03878444965760897,
          0.7920229071065448,
          0.6092581400055267,
          2.399083980848072
        ],
        [
          0.0,
          0.0,
          0.0,
          1.0
        ]
      ]
    },
    {
      "file_path": "./data\\itokawa/itokawa054.png",
      "sharpness": 341.74415588378906,
      "transform_matrix": [
        [
          0.8859753071941694,
          -0.2550777844308063,
          0.38727648910022333,
          1.5071207097814256
        ],
        [
          0.4604951103128819,
          0.5824391474772802,
          -0.66985736755363,
          -2.6678240366430894
        ],
        [
          -0.054699254949296124,
          0.7718160165643979,
          0.6334887750879228,
          2.518263149959267
        ],
        [
          0.0,
          0.0,
          0.0,
          1.0
        ]
      ]
    },
    {
      "file_path": "./data\\itokawa/itokawa055.png",
      "sharpness": 358.84859466552734,
      "transform_matrix": [
        [
          0.9448297359368683,
          -0.16702869655106212,
          0.281776834916655,
          1.0967973963881197
        ],
        [
          0.3221466109131627,
          0.6295891488123198,
          -0.7069929736404419,
          -2.8279796088596436
        ],
        [
          -0.05931552279228407,
          0.7587614369961582,
          0.6486622777402298,
          2.5953878317588144
        ],
        [
          0.0,
          0.0,
          0.0,
          1.0
        ]
      ]
    },
    {
      "file_path": "./data\\itokawa/itokawa056.png",
      "sharpness": 382.0062942504883,
      "transform_matrix": [
        [
          0.9805444927991094,
          -0.06583491962990178,
          0.18492771851831408,
          0.7043541027233295
        ],
        [
          0.18220908643952582,
          0.6557140293790158,
          -0.7326929510350305,
          -2.907822812781542
        ],
        [
          -0.07302291790872523,
          0.7521335486986946,
          0.6549525009202912,
          2.605965557973681
        ],
        [
          0.0,
          0.0,
          0.0,
          1.0
        ]
      ]
    },
    {
      "file_path": "./data\\itokawa/itokawa057.png",
      "sharpness": 396.85205841064453,
      "transform_matrix": [
        [
          0.9955599892212049,
          0.03840206251455516,
          0.08593945272242487,
          0.31095692038794803
        ],
        [
          0.03762130462503477,
          0.6745687687003447,
          -0.7372527475258565,
          -2.933116293513311
        ],
        [
          -0.08628409690526316,
          0.7372124917103242,
          0.6701289404041869,
          2.676348969325927
        ],
        [
          0.0,
          0.0,
          0.0,
          1.0
        ]
      ]
    },
    {
      "file_path": "./data\\itokawa/itokawa058.png",
      "sharpness": 391.6691360473633,
      "transform_matrix": [
        [
          0.9892092787044355,
          0.14622622476684247,
          -0.009104624825544404,
          -0.07065614205380374
        ],
        [
          -0.10715967248944329,
          0.6797499460485984,
          -0.7255734390403878,
          -2.880732752929022
        ],
        [
          -0.0999089965480141,
          0.7187196268946836,
          0.6880845081854957,
          2.7446922579716646
        ],
        [
          0.0,
          0.0,
          0.0,
          1.0
        ]
      ]
    },
    {
      "file_path": "./data\\itokawa/itokawa059.png",
      "sharpness": 382.89647674560547,
      "transform_matrix": [
        [
          0.9597345820535158,
          0.25641928697138894,
          -0.1147112956834456,
          -0.4917441696803066
        ],
        [
          -0.26270813850576447,
          0.6747076597365784,
          -0.6897492354889846,
          -2.755524620921241
        ],
        [
          -0.09946841729721796,
          0.6921117851983348,
          0.7149037073828199,
          2.868057463324806
        ],
        [
          0.0,
          0.0,
          0.0,
          1.0
        ]
      ]
    },
    {
      "file_path": "./data\\itokawa/itokawa060.png",
      "sharpness": 380.4756164550781,
      "transform_matrix": [
        [
          0.90931550764407,
          0.35109771772924364,
          -0.22332868208327106,
          -0.9238898433084644
        ],
        [
          -0.4071537311409897,
          0.6400020993037754,
          -0.6516311472809933,
          -2.6022643325346055
        ],
        [
          -0.08585538324360667,
          0.6834674136675081,
          0.7249145795902306,
          2.9146801697679727
        ],
        [
          0.0,
          0.0,
          0.0,
          1.0
        ]
      ]
    },
    {
      "file_path": "./data\\itokawa/itokawa062.png",
      "sharpness": 346.1296157836914,
      "transform_matrix": [
        [
          0.7288556996810444,
          0.5329078757727307,
          -0.42985877338909595,
